0.4687497615814209   25163
1.484375   25163
2.5   25163
3.5   25163
4.515625   25163
5.515625   25163
6.53125   25163
7.53125   25161
8.546875   25155
9.546875   25155
10.562499761581421   25151
11.562499761581421   25148
12.609375   25148
13.59375   25147
14.59375   25148
15.609375   25151
16.609375   25094
17.625   25084
18.625   25139
19.640625   25155
20.65625   25156
21.671875   25152
22.671875   25152
23.671875   25149
24.6875   25140
25.703125   25151
26.703125   25153
27.703125   25153
28.71875   25155
29.71875   25162
30.734375   25162
31.734375   25162
32.75   25162
33.76562476158142   25162
34.76562476158142   25162
35.78125   25162
36.796875   25162
37.796875   25162
38.796875   25162
39.8125   25162
40.84375   25162
41.828125   25162
42.84375   25162
43.84375   25163
44.85937476158142   25163
45.85937476158142   25163
46.875   25163
47.875   25163
48.890625   25163
49.90625   25163
50.90625   25163
51.921875   25163
52.921875   25163
53.9375   25163
54.9375   25163
55.953125   25163
56.953125   25163
57.96874976158142   25163
59.0   25163
59.984375   25163
61.0   25163
