
 1.031         972           312537 
 2.041         972           312537 
 3.051         972           312537 
 4.06          972           312537 
 5.07          972           312537 
 6.08          973           313211.5 
 7.09          973           313211.5 
 8.1           973           313211.5 
 9.11          973           313211.5 
 10.12         973           313211.5 
 11.13         973           313211.5 
 12.139        973           313211.5 
 13.149        973           313211.5 
 14.158        973           313211.5 
 15.167        973           313211.5 
 16.177        973           313211.5 
 17.187        973           313211.5 
 18.197        974           313886.8 
 19.207        974           313886.8 
 20.217        974           313886.8 
 21.227        974           313886.8 
 22.236        974           313886.8 
 23.246        974           313886.8 
 24.256        974           313886.8 
 25.265        974           313886.8 
 26.275        974           313886.8 
 27.284        974           313886.8 
 28.294        974           313886.8 
 29.304        975           314562.8 
 30.314        975           314562.8 
 31.323        974           313886.8 
 32.333        974           313886.8 
 33.343        974           313886.8 
 34.353        974           313886.8 
 35.362        974           313886.8 
 36.372        974           313886.8 
 37.381        974           313886.8 
 38.391        974           313886.8 
 39.4          974           313886.8 
 40.41         974           313886.8 
 41.42         974           313886.8 
 42.429        973           313211.5 
 43.439        973           313211.5 
 44.448        973           313211.5 
 45.458        973           313211.5 
 46.468        973           313211.5 
 47.477        972           312537 
 48.487        972           312537 
 49.496        972           312537 
 50.506        972           312537 
 51.516        972           312537 
 52.526        971           311863.2 
 53.536        971           311863.2 
 54.545        971           311863.2 
 55.555        971           311863.2 
 56.565        971           311863.2 
 57.574        970           311190.1 
 58.584        970           311190.1 
 59.594        970           311190.1 
 60.603        970           311190.1 
 61.613        970           311190.1 
 62.623        970           311190.1 
 63.633        970           311190.1 
 64.643        969           310517.7 
 65.653        969           310517.7 
 66.662        969           310517.7 
 67.672        969           310517.7 
 68.682        969           310517.7 
 69.692        969           310517.7 
 70.702        969           310517.7 
 71.712        969           310517.7 
 72.722        969           310517.7 
 73.731        968           309846.1 
 74.741        968           309846.1 
 75.75         968           309846.1 
 76.76         968           309846.1 
 77.769        968           309846.1 
 78.779        968           309846.1 
 79.789        968           309846.1 
 80.799        968           309846.1 
 81.809        968           309846.1 
 82.819        968           309846.1 
 83.829        968           309846.1 
 84.838        967           309175.1 
 85.848        967           309175.1 
 86.857        967           309175.1 
 87.866        967           309175.1 
 88.876        967           309175.1 
 89.886        967           309175.1 
 90.895        967           309175.1 
 91.904        967           309175.1 
 92.914        967           309175.1 
 93.924        967           309175.1 
 94.934        967           309175.1 
 95.943        967           309175.1 
 96.953        967           309175.1 
 97.963        967           309175.1 
 98.973        967           309175.1 
 99.983        967           309175.1 
 100.992       967           309175.1 
 102.002       967           309175.1 
 103.012       967           309175.1 
 104.022       967           309175.1 
 105.031       966           308504.9 
 106.041       966           308504.9 
 107.051       965           307835.5 
 108.061       963           306498.8 
 109.071       960           304499.1 
 110.081       955           301180.8 
 111.09        949           297223 
 112.101       943           293291.3 
 113.11        937           289385.7 
 114.12        931           285506.4 
 115.13        926           282293.6 
 116.14        923           280374.6 
 117.151       922           279736.4 
 118.16        921           279098.9 
 119.17        922           279736.4 
 120.18        924           281013.5 
 121.19        926           282293.6 
 122.201       929           284219.1 
 123.211       931           285506.4 
 124.221       934           287442.8 
 125.231       936           288737.3 
 126.24        938           290034.8 
 127.25        940           291335.2 
 128.26        942           292638.5 
 129.27        944           293944.7 
 130.279       945           294598.9 
 131.289       946           295253.8 
 132.299       947           295909.5 
 133.309       948           296565.9 
 134.319       949           297223 
 135.329       949           297223 
 136.339       949           297223 
 137.348       949           297223 
 138.358       949           297223 
 139.368       949           297223 
 140.378       949           297223 
 141.387       949           297223 
 142.397       948           296565.9 
 143.406       947           295909.5 
 144.416       948           296565.9 
 145.427       948           296565.9 
 146.437       947           295909.5 
 147.446       947           295909.5 
 148.456       946           295253.8 
 149.466       945           294598.9 
 150.476       943           293291.3 
 151.486       941           291986.5 
 152.496       940           291335.2 
 153.505       938           290034.8 
 154.515       936           288737.3 
 155.525       936           288737.3 
 156.535       935           288089.7 
 157.545       934           287442.8 
 158.555       932           286151.1 
 159.564       932           286151.1 
 160.574       933           286796.6 
 161.585       934           287442.8 
 162.594       934           287442.8 
 163.604       935           288089.7 
 164.614       936           288737.3 
 165.624       937           289385.7 
 166.634       938           290034.8 
 167.644       939           290684.7 
 168.654       941           291986.5 
 169.664       942           292638.5 
 170.674       943           293291.3 
 171.684       945           294598.9 
 172.694       946           295253.8 
 173.704       947           295909.5 
 174.713       948           296565.9 
 175.724       949           297223 
 176.734       950           297880.8 
 177.743       950           297880.8 
 178.753       951           298539.3 
 179.762       952           299198.6 
 180.772       953           299858.7 
 181.782       954           300519.4 
 182.792       954           300519.4 
 183.801       955           301180.8 
 184.811       956           301843 
 185.821       956           301843 
 186.831       957           302506 
 187.841       957           302506 
 188.851       958           303169.6 
 189.861       958           303169.6 
 190.871       959           303834 
 191.881       959           303834 
 192.89        959           303834 
 193.901       959           303834 
 194.91        960           304499.1 
 195.92        960           304499.1 
 196.929       960           304499.1 
 197.939       961           305164.9 
 198.949       961           305164.9 
 199.958       961           305164.9 
 200.968       961           305164.9 
 201.978       961           305164.9 
 202.988       962           305831.5 
 203.998       962           305831.5 
 205.008       962           305831.5 
 206.017       962           305831.5 
 207.027       962           305831.5 
 208.036       962           305831.5 
 209.046       962           305831.5 
 210.055       962           305831.5 
 211.066       962           305831.5 
 212.075       962           305831.5 
 213.085       962           305831.5 
 214.095       963           306498.8 
 215.105       963           306498.8 
 216.114       962           305831.5 
 217.124       962           305831.5 
 218.134       963           306498.8 
 219.144       963           306498.8 
 220.154       962           305831.5 
 221.164       963           306498.8 
 222.174       963           306498.8 
 223.184       963           306498.8 
 224.194       963           306498.8 
 225.204       963           306498.8 
 226.214       963           306498.8 
 227.224       963           306498.8 
 228.234       963           306498.8 
 229.244       963           306498.8 
 230.254       963           306498.8 
 231.264       963           306498.8 
 232.274       963           306498.8 
 233.283       963           306498.8 
 234.293       963           306498.8 
 235.303       963           306498.8 
 236.312       963           306498.8 
 237.322       963           306498.8 
 238.332       963           306498.8 
 239.341       963           306498.8 
 240.351       963           306498.8 
 241.361       963           306498.8 
 242.37        963           306498.8 
 243.38        963           306498.8 
 244.389       963           306498.8 
 245.399       963           306498.8 
 246.408       963           306498.8 
 247.418       963           306498.8 
 248.428       963           306498.8 
 249.437       963           306498.8 
 250.447       963           306498.8 
 251.456       963           306498.8 
 252.465       963           306498.8 
 253.475       963           306498.8 
 254.484       963           306498.8 
 255.494       963           306498.8 
 256.503       963           306498.8 
 257.513       963           306498.8 
 258.523       963           306498.8 
 259.532       963           306498.8 
 260.542       963           306498.8 
 261.551       963           306498.8 
 262.561       963           306498.8 
 263.571       963           306498.8 
 264.58        963           306498.8 
 265.589       963           306498.8 
 266.599       963           306498.8 
 267.608       963           306498.8 
 268.619       963           306498.8 
 269.629       963           306498.8 
 270.638       963           306498.8 
 271.648       964           307166.8 
 272.658       964           307166.8 
 273.668       964           307166.8 
 274.678       964           307166.8 
 275.688       964           307166.8 
 276.698       964           307166.8 
 277.707       964           307166.8 
 278.717       964           307166.8 
 279.727       965           307835.5 
 280.736       965           307835.5 
 281.746       965           307835.5 
 282.756       965           307835.5 
 283.766       966           308504.9 
 284.775       966           308504.9 
 285.785       967           309175.1 
 286.795       967           309175.1 
 287.804       968           309846.1 
 288.814       969           310517.7 
 289.824       969           310517.7 
 290.833       970           311190.1 
 291.842       971           311863.2 
 292.852       972           312537 
 293.862       973           313211.5 
 294.871       974           313886.8 
 295.881       976           315239.6 
 296.891       977           315917 
 297.901       978           316595.2 
 298.911       979           317274.1 
 299.92        980           317953.8 
 300.929       981           318634.1 
 301.94        982           319315.2 
 302.949       984           320679.6 
 303.959       985           321362.9 
 304.969       985           321362.9 
 305.978       986           322046.9 
 306.988       987           322731.6 
 307.997       988           323417.1 
 309.007       988           323417.1 
 310.017       988           323417.1 
 311.026       988           323417.1 
 312.037       988           323417.1 
 313.047       987           322731.6 
 314.057       987           322731.6 
 315.067       987           322731.6 
 316.077       986           322046.9 
 317.086       985           321362.9 
 318.096       985           321362.9 
 319.106       984           320679.6 
 320.115       983           319997.1 
 321.125       982           319315.2 
 322.136       981           318634.1 
 323.145       980           317953.8 
 324.154       979           317274.1 
 325.164       978           316595.2 
 326.174       977           315917 
 327.184       977           315917 
 328.194       976           315239.6 
 329.204       975           314562.8 
 330.214       974           313886.8 
 331.224       974           313886.8 
 332.233       973           313211.5 
 333.243       973           313211.5 
 334.253       972           312537 
 335.263       972           312537 
 336.272       971           311863.2 
 337.282       971           311863.2 
 338.292       971           311863.2 
 339.301       970           311190.1 
 340.311       970           311190.1 
 341.32        970           311190.1 
 342.33        970           311190.1 
 343.34        969           310517.7 
 344.349       969           310517.7 
 345.358       969           310517.7 
 346.368       969           310517.7 
 347.378       969           310517.7 
 348.387       969           310517.7 
 349.397       969           310517.7 
 350.407       969           310517.7 
 351.417       968           309846.1 
 352.426       968           309846.1 
 353.435       968           309846.1 
 354.445       968           309846.1 
 355.455       968           309846.1 
 356.464       968           309846.1 
 357.474       968           309846.1 
 358.484       968           309846.1 
 359.495       967           309175.1 
 360.505       968           309846.1 
 361.515       968           309846.1 
 362.524       967           309175.1 
 363.534       967           309175.1 
 364.543       967           309175.1 
 365.552       967           309175.1 
 366.562       967           309175.1 
 367.571       967           309175.1 
 368.581       967           309175.1 
