
 1.016         1005          335181.1 
 2.026         1005          335181.1 
 3.037         1005          335181.1 
 4.048         1005          335181.1 
 5.058         1006          335879.7 
 6.069         1006          335879.7 
 7.08          1006          335879.7 
 8.091         1007          336578.9 
 9.101         1007          336578.9 
 10.112        1007          336578.9 
 11.122        1008          337278.9 
 12.133        1008          337278.9 
 13.143        1008          337278.9 
 14.154        1008          337278.9 
 15.165        1008          337278.9 
 16.175        1009          337979.7 
 17.186        1009          337979.7 
 18.196        1009          337979.7 
 19.206        1009          337979.7 
 20.217        1009          337979.7 
 21.228        1009          337979.7 
 22.239        1009          337979.7 
 23.249        1009          337979.7 
 24.26         1009          337979.7 
 25.271        1009          337979.7 
 26.281        1009          337979.7 
 27.291        1009          337979.7 
 28.302        1009          337979.7 
 29.313        1008          337278.9 
 30.323        1008          337278.9 
 31.333        1008          337278.9 
 32.344        1007          336578.9 
 33.354        1007          336578.9 
 34.365        1006          335879.7 
 35.375        1006          335879.7 
 36.386        1006          335879.7 
 37.397        1005          335181.1 
 38.407        1005          335181.1 
 39.418        1005          335181.1 
 40.428        1004          334483.3 
 41.439        1004          334483.3 
 42.45         1003          333786.2 
 43.46         1003          333786.2 
 44.47         1003          333786.2 
 45.481        1002          333089.8 
 46.492        1002          333089.8 
 47.502        1002          333089.8 
 48.513        1001          332394.2 
 49.524        1001          332394.2 
 50.535        1001          332394.2 
 51.545        1001          332394.2 
 52.555        1000          331699.3 
 53.566        1000          331699.3 
 54.577        999           331005.1 
 55.588        999           331005.1 
 56.598        999           331005.1 
 57.608        999           331005.1 
 58.619        999           331005.1 
 59.63         998           330311.7 
 60.64         998           330311.7 
 61.65         998           330311.7 
 62.661        998           330311.7 
 63.671        997           329618.9 
 64.681        997           329618.9 
 65.692        997           329618.9 
 66.703        997           329618.9 
 67.714        996           328926.9 
 68.724        996           328926.9 
 69.734        996           328926.9 
 70.745        996           328926.9 
 71.755        996           328926.9 
 72.765        995           328235.7 
 73.777        995           328235.7 
 74.787        995           328235.7 
 75.796        995           328235.7 
 76.806        995           328235.7 
 77.815        995           328235.7 
 78.826        995           328235.7 
 79.837        994           327545.1 
 80.847        994           327545.1 
 81.857        994           327545.1 
 82.868        994           327545.1 
 83.877        994           327545.1 
 84.888        994           327545.1 
 85.898        994           327545.1 
 86.909        994           327545.1 
 87.92         993           326855.3 
 88.931        993           326855.3 
 89.941        993           326855.3 
 90.95         993           326855.3 
 91.961        993           326855.3 
 92.97         993           326855.3 
 93.981        993           326855.3 
 94.991        993           326855.3 
 96.002        993           326855.3 
 97.013        993           326855.3 
 98.022        993           326855.3 
 99.033        993           326855.3 
 100.043       992           326166.2 
 101.054       992           326166.2 
 102.064       992           326166.2 
 103.075       992           326166.2 
 104.084       992           326166.2 
 105.094       992           326166.2 
 106.104       992           326166.2 
 107.113       992           326166.2 
 108.123       992           326166.2 
 109.133       992           326166.2 
 110.144       992           326166.2 
 111.154       991           325477.8 
 112.164       991           325477.8 
 113.174       990           324790.2 
 114.185       988           323417.1 
 115.195       984           320679.6 
 116.204       980           317953.8 
 117.214       975           314562.8 
 118.224       968           309846.1 
 119.233       961           305164.9 
 120.243       956           301843 
 121.253       951           298539.3 
 122.263       948           296565.9 
 123.273       946           295253.8 
 124.283       946           295253.8 
 125.293       946           295253.8 
 126.302       947           295909.5 
 127.312       949           297223 
 128.322       952           299198.6 
 129.332       954           300519.4 
 130.342       957           302506 
 131.352       959           303834 
 132.361       961           305164.9 
 133.371       963           306498.8 
 134.381       965           307835.5 
 135.39        966           308504.9 
 136.4         968           309846.1 
 137.41        969           310517.7 
 138.419       970           311190.1 
 139.429       971           311863.2 
 140.439       972           312537 
 141.449       972           312537 
 142.458       972           312537 
 143.467       972           312537 
 144.477       973           313211.5 
 145.488       972           312537 
 146.497       972           312537 
 147.507       972           312537 
 148.517       972           312537 
 149.526       971           311863.2 
 150.536       971           311863.2 
 151.546       971           311863.2 
 152.555       971           311863.2 
 153.565       971           311863.2 
 154.575       970           311190.1 
 155.585       969           310517.7 
 156.595       967           309175.1 
 157.604       965           307835.5 
 158.614       963           306498.8 
 159.624       962           305831.5 
 160.634       960           304499.1 
 161.643       958           303169.6 
 162.653       957           302506 
 163.663       956           301843 
 164.674       954           300519.4 
 165.683       952           299198.6 
 166.693       953           299858.7 
 167.703       954           300519.4 
 168.713       955           301180.8 
 169.723       956           301843 
 170.733       957           302506 
 171.742       958           303169.6 
 172.752       959           303834 
 173.761       960           304499.1 
 174.771       962           305831.5 
 175.781       964           307166.8 
 176.79        965           307835.5 
 177.8         967           309175.1 
 178.81        968           309846.1 
 179.819       969           310517.7 
 180.829       970           311190.1 
 181.838       971           311863.2 
 182.848       972           312537 
 183.857       973           313211.5 
 184.867       974           313886.8 
 185.876       975           314562.8 
 186.886       976           315239.6 
 187.896       977           315917 
 188.906       977           315917 
 189.915       978           316595.2 
 190.925       979           317274.1 
 191.934       979           317274.1 
 192.944       980           317953.8 
 193.954       980           317953.8 
 194.964       981           318634.1 
 195.973       981           318634.1 
 196.983       982           319315.2 
 197.992       982           319315.2 
 199.003       983           319997.1 
 200.013       983           319997.1 
 201.023       983           319997.1 
 202.033       983           319997.1 
 203.044       984           320679.6 
 204.054       984           320679.6 
 205.063       984           320679.6 
 206.074       984           320679.6 
 207.084       984           320679.6 
 208.094       984           320679.6 
 209.104       985           321362.9 
 210.113       985           321362.9 
 211.123       985           321362.9 
 212.132       985           321362.9 
 213.142       985           321362.9 
 214.151       985           321362.9 
 215.161       985           321362.9 
 216.17        985           321362.9 
 217.18        985           321362.9 
 218.191       985           321362.9 
 219.202       985           321362.9 
 220.213       985           321362.9 
 221.223       986           322046.9 
 222.232       986           322046.9 
 223.243       986           322046.9 
 224.253       986           322046.9 
 225.263       986           322046.9 
 226.273       986           322046.9 
 227.284       985           321362.9 
 228.294       986           322046.9 
 229.304       986           322046.9 
 230.313       986           322046.9 
 231.324       985           321362.9 
 232.334       985           321362.9 
 233.344       986           322046.9 
 234.354       985           321362.9 
 235.364       985           321362.9 
 236.375       985           321362.9 
 237.385       985           321362.9 
 238.394       985           321362.9 
 239.403       985           321362.9 
 240.413       985           321362.9 
 241.424       985           321362.9 
 242.435       985           321362.9 
 243.445       985           321362.9 
 244.455       985           321362.9 
 245.464       985           321362.9 
 246.475       985           321362.9 
 247.484       985           321362.9 
 248.494       985           321362.9 
 249.503       985           321362.9 
 250.513       985           321362.9 
 251.523       985           321362.9 
 252.532       985           321362.9 
 253.542       985           321362.9 
 254.552       984           320679.6 
 255.561       984           320679.6 
 256.57        984           320679.6 
 257.58        984           320679.6 
 258.59        984           320679.6 
 259.599       984           320679.6 
 260.609       984           320679.6 
 261.618       983           319997.1 
 262.628       983           319997.1 
 263.637       983           319997.1 
 264.646       983           319997.1 
 265.657       983           319997.1 
 266.667       983           319997.1 
 267.676       983           319997.1 
 268.686       983           319997.1 
 269.696       982           319315.2 
 270.707       983           319997.1 
 271.717       983           319997.1 
 272.727       982           319315.2 
 273.737       982           319315.2 
 274.747       982           319315.2 
 275.757       982           319315.2 
 276.767       982           319315.2 
 277.778       982           319315.2 
 278.787       982           319315.2 
 279.796       982           319315.2 
 280.805       982           319315.2 
 281.815       982           319315.2 
 282.825       982           319315.2 
 283.835       983           319997.1 
 284.845       983           319997.1 
 285.854       983           319997.1 
 286.865       983           319997.1 
 287.875       984           320679.6 
 288.885       984           320679.6 
 289.895       985           321362.9 
 290.905       985           321362.9 
 291.915       986           322046.9 
 292.926       987           322731.6 
 293.936       988           323417.1 
 294.947       989           324103.3 
 295.958       990           324790.2 
 296.968       991           325477.8 
 297.978       993           326855.3 
 298.987       995           328235.7 
 299.998       997           329618.9 
 301.009       999           331005.1 
 302.018       1001          332394.2 
 303.028       1003          333786.2 
 304.039       1005          335181.1 
 305.05        1007          336578.9 
 306.061       1010          338681.1 
 307.072       1012          340086.2 
 308.082       1014          341494.2 
 309.092       1016          342905.1 
 310.103       1018          344318.9 
 311.113       1020          345735.7 
 312.124       1021          346445.1 
 313.134       1022          347155.3 
 314.145       1024          348577.8 
 315.155       1024          348577.8 
 316.166       1024          348577.8 
 317.176       1025          349290.2 
 318.187       1025          349290.2 
 319.197       1024          348577.8 
 320.207       1023          347866.2 
 321.217       1022          347155.3 
 322.227       1021          346445.1 
 323.238       1020          345735.7 
 324.248       1018          344318.9 
 325.258       1016          342905.1 
 326.269       1014          341494.2 
 327.28        1013          340789.8 
 328.29        1011          339383.3 
 329.301       1009          337979.7 
 330.311       1007          336578.9 
 331.321       1005          335181.1 
 332.332       1003          333786.2 
 333.342       1002          333089.8 
 334.352       1000          331699.3 
 335.363       999           331005.1 
 336.374       997           329618.9 
 337.384       996           328926.9 
 338.395       995           328235.7 
 339.406       994           327545.1 
 340.417       993           326855.3 
 341.426       992           326166.2 
 342.436       991           325477.8 
 343.447       990           324790.2 
 344.457       989           324103.3 
 345.467       988           323417.1 
 346.478       988           323417.1 
 347.488       987           322731.6 
 348.499       987           322731.6 
 349.509       986           322046.9 
 350.519       985           321362.9 
 351.529       985           321362.9 
 352.539       984           320679.6 
 353.549       984           320679.6 
 354.559       983           319997.1 
 355.57        983           319997.1 
 356.579       983           319997.1 
 357.589       982           319315.2 
 358.598       982           319315.2 
 359.609       982           319315.2 
 360.619       981           318634.1 
 361.629       981           318634.1 
 362.639       981           318634.1 
 363.649       980           317953.8 
 364.658       980           317953.8 
 365.668       980           317953.8 
 366.678       980           317953.8 
 367.688       979           317274.1 
 368.698       979           317274.1 
 369.708       979           317274.1 
 370.718       979           317274.1 
 371.728       979           317274.1 
 372.737       978           316595.2 
 373.747       978           316595.2 
 374.757       978           316595.2 
 375.767       978           316595.2 
 376.776       977           315917 
 377.785       977           315917 
 378.795       977           315917 
 379.805       977           315917 
 380.815       977           315917 
 381.824       976           315239.6 
 382.834       976           315239.6 
 383.843       976           315239.6 
 384.853       976           315239.6 
 385.863       976           315239.6 
 386.873       976           315239.6 
 387.883       975           314562.8 
