
 1.016         970           311190.1 
 2.026         969           310517.7 
 3.036         969           310517.7 
 4.046         970           311190.1 
 5.055         970           311190.1 
 6.065         970           311190.1 
 7.075         970           311190.1 
 8.085         970           311190.1 
 9.094         970           311190.1 
 10.104        970           311190.1 
 11.114        970           311190.1 
 12.123        970           311190.1 
 13.132        970           311190.1 
 14.142        970           311190.1 
 15.152        971           311863.2 
 16.161        971           311863.2 
 17.171        971           311863.2 
 18.18         971           311863.2 
 19.19         972           312537 
 20.2          972           312537 
 21.209        972           312537 
 22.22         972           312537 
 23.229        973           313211.5 
 24.239        973           313211.5 
 25.248        973           313211.5 
 26.258        974           313886.8 
 27.267        974           313886.8 
 28.277        974           313886.8 
 29.287        974           313886.8 
 30.297        975           314562.8 
 31.307        976           315239.6 
 32.317        976           315239.6 
 33.327        976           315239.6 
 34.337        976           315239.6 
 35.347        977           315917 
 36.356        977           315917 
 37.366        977           315917 
 38.376        977           315917 
 39.386        978           316595.2 
 40.396        978           316595.2 
 41.407        978           316595.2 
 42.416        978           316595.2 
 43.426        978           316595.2 
 44.436        978           316595.2 
 45.446        979           317274.1 
 46.455        979           317274.1 
 47.465        979           317274.1 
 48.475        979           317274.1 
 49.485        979           317274.1 
 50.494        979           317274.1 
 51.504        979           317274.1 
 52.515        979           317274.1 
 53.525        979           317274.1 
 54.534        979           317274.1 
 55.544        979           317274.1 
 56.554        978           316595.2 
 57.564        979           317274.1 
 58.574        979           317274.1 
 59.584        978           316595.2 
 60.593        978           316595.2 
 61.603        978           316595.2 
 62.613        978           316595.2 
 63.623        978           316595.2 
 64.632        977           315917 
 65.641        977           315917 
 66.65         977           315917 
 67.66         977           315917 
 68.67         976           315239.6 
 69.68         977           315917 
 70.69         976           315239.6 
 71.699        976           315239.6 
 72.709        976           315239.6 
 73.719        976           315239.6 
 74.729        976           315239.6 
 75.738        975           314562.8 
 76.748        975           314562.8 
 77.757        975           314562.8 
 78.767        975           314562.8 
 79.777        975           314562.8 
 80.787        975           314562.8 
 81.796        975           314562.8 
 82.807        974           313886.8 
 83.816        974           313886.8 
 84.825        974           313886.8 
 85.835        974           313886.8 
 86.845        974           313886.8 
 87.855        974           313886.8 
 88.864        974           313886.8 
 89.874        974           313886.8 
 90.883        973           313211.5 
 91.893        973           313211.5 
 92.902        973           313211.5 
 93.911        973           313211.5 
 94.921        973           313211.5 
 95.931        973           313211.5 
 96.94         973           313211.5 
 97.95         973           313211.5 
 98.96         972           312537 
 99.97         973           313211.5 
 100.98        973           313211.5 
 101.989       972           312537 
 102.999       972           312537 
 104.008       972           312537 
 105.017       972           312537 
 106.027       972           312537 
 107.037       972           312537 
 108.046       972           312537 
 109.056       972           312537 
 110.065       972           312537 
 111.075       972           312537 
 112.084       972           312537 
 113.094       972           312537 
 114.104       972           312537 
 115.114       972           312537 
 116.123       972           312537 
 117.133       972           312537 
 118.143       972           312537 
 119.153       972           312537 
 120.163       972           312537 
 121.172       972           312537 
 122.182       972           312537 
 123.192       972           312537 
 124.202       972           312537 
 125.212       972           312537 
 126.222       971           311863.2 
 127.232       972           312537 
 128.242       971           311863.2 
 129.252       971           311863.2 
 130.262       970           311190.1 
 131.272       968           309846.1 
 132.282       966           308504.9 
 133.292       962           305831.5 
 134.302       957           302506 
 135.311       951           298539.3 
 136.321       945           294598.9 
 137.33        939           290684.7 
 138.341       934           287442.8 
 139.351       930           284862.3 
 140.361       927           282934.7 
 141.371       925           281653.2 
 142.381       924           281013.5 
 143.391       924           281013.5 
 144.4         925           281653.2 
 145.41        927           282934.7 
 146.42        929           284219.1 
 147.43        932           286151.1 
 148.44        934           287442.8 
 149.451       937           289385.7 
 150.46        939           290684.7 
 151.471       942           292638.5 
 152.481       944           293944.7 
 153.491       946           295253.8 
 154.5         947           295909.5 
 155.51        949           297223 
 156.52        950           297880.8 
 157.53        951           298539.3 
 158.539       952           299198.6 
 159.549       953           299858.7 
 160.558       953           299858.7 
 161.568       954           300519.4 
 162.577       954           300519.4 
 163.588       955           301180.8 
 164.597       954           300519.4 
 165.607       955           301180.8 
 166.617       955           301180.8 
 167.627       955           301180.8 
 168.636       954           300519.4 
 169.647       955           301180.8 
 170.656       954           300519.4 
 171.666       954           300519.4 
 172.675       954           300519.4 
 173.686       954           300519.4 
 174.695       953           299858.7 
 175.704       952           299198.6 
 176.714       951           298539.3 
 177.724       950           297880.8 
 178.733       948           296565.9 
 179.743       946           295253.8 
 180.753       945           294598.9 
 181.763       944           293944.7 
 182.773       942           292638.5 
 183.783       941           291986.5 
 184.793       940           291335.2 
 185.802       939           290684.7 
 186.812       937           289385.7 
 187.822       937           289385.7 
 188.832       936           288737.3 
 189.842       936           288737.3 
 190.852       936           288737.3 
 191.862       936           288737.3 
 192.872       936           288737.3 
 193.882       936           288737.3 
 194.891       938           290034.8 
 195.901       940           291335.2 
 196.911       941           291986.5 
 197.92        942           292638.5 
 198.93        944           293944.7 
 199.94        946           295253.8 
 200.949       948           296565.9 
 201.959       949           297223 
 202.969       951           298539.3 
 203.979       951           298539.3 
 204.988       952           299198.6 
 205.998       953           299858.7 
 207.007       954           300519.4 
 208.017       955           301180.8 
 209.026       956           301843 
 210.035       957           302506 
 211.045       958           303169.6 
 212.054       959           303834 
 213.064       960           304499.1 
 214.074       961           305164.9 
 215.084       962           305831.5 
 216.094       963           306498.8 
 217.103       963           306498.8 
 218.113       964           307166.8 
 219.123       965           307835.5 
 220.133       965           307835.5 
 221.143       966           308504.9 
 222.152       966           308504.9 
 223.162       967           309175.1 
 224.171       967           309175.1 
 225.181       968           309846.1 
 226.19        968           309846.1 
 227.2         969           310517.7 
 228.21        969           310517.7 
 229.22        969           310517.7 
 230.229       969           310517.7 
 231.239       970           311190.1 
 232.249       970           311190.1 
 233.258       970           311190.1 
 234.268       970           311190.1 
 235.278       971           311863.2 
 236.288       971           311863.2 
 237.298       971           311863.2 
 238.308       971           311863.2 
 239.317       971           311863.2 
 240.327       971           311863.2 
 241.337       971           311863.2 
 242.347       971           311863.2 
 243.357       971           311863.2 
 244.367       971           311863.2 
 245.377       972           312537 
 246.387       972           312537 
 247.397       972           312537 
 248.408       971           311863.2 
 249.417       971           311863.2 
 250.427       972           312537 
 251.437       972           312537 
 252.447       972           312537 
 253.457       971           311863.2 
 254.467       972           312537 
 255.477       972           312537 
 256.487       972           312537 
 257.497       972           312537 
 258.507       972           312537 
 259.517       971           311863.2 
 260.527       971           311863.2 
 261.537       971           311863.2 
 262.547       972           312537 
 263.558       972           312537 
 264.568       971           311863.2 
 265.578       971           311863.2 
 266.588       971           311863.2 
 267.597       971           311863.2 
 268.606       971           311863.2 
 269.617       971           311863.2 
 270.626       971           311863.2 
 271.636       971           311863.2 
 272.645       971           311863.2 
 273.656       971           311863.2 
 274.665       971           311863.2 
 275.674       971           311863.2 
 276.684       971           311863.2 
 277.693       971           311863.2 
 278.702       971           311863.2 
 279.712       971           311863.2 
 280.721       971           311863.2 
 281.731       971           311863.2 
 282.74        971           311863.2 
 283.75        971           311863.2 
 284.759       971           311863.2 
 285.769       971           311863.2 
 286.778       971           311863.2 
 287.788       971           311863.2 
 288.797       971           311863.2 
 289.807       971           311863.2 
 290.817       971           311863.2 
 291.827       971           311863.2 
 292.837       971           311863.2 
 293.847       971           311863.2 
 294.857       971           311863.2 
 295.866       971           311863.2 
 296.876       971           311863.2 
 297.886       970           311190.1 
 298.896       970           311190.1 
 299.906       970           311190.1 
 300.916       971           311863.2 
 301.925       970           311190.1 
 302.935       970           311190.1 
 303.944       970           311190.1 
 304.954       970           311190.1 
 305.963       970           311190.1 
 306.973       970           311190.1 
 307.983       970           311190.1 
 308.992       970           311190.1 
 310.002       970           311190.1 
 311.012       970           311190.1 
 312.022       970           311190.1 
 313.032       970           311190.1 
 314.042       970           311190.1 
 315.052       970           311190.1 
 316.061       970           311190.1 
 317.071       970           311190.1 
 318.081       970           311190.1 
 319.091       970           311190.1 
 320.1         970           311190.1 
 321.11        970           311190.1 
 322.119       970           311190.1 
 323.129       970           311190.1 
 324.139       971           311863.2 
 325.149       971           311863.2 
 326.159       971           311863.2 
 327.168       971           311863.2 
 328.178       971           311863.2 
 329.188       971           311863.2 
 330.198       972           312537 
 331.207       972           312537 
 332.216       972           312537 
 333.226       973           313211.5 
 334.236       973           313211.5 
 335.246       974           313886.8 
 336.255       974           313886.8 
 337.265       975           314562.8 
 338.276       976           315239.6 
 339.286       976           315239.6 
 340.295       977           315917 
 341.305       978           316595.2 
 342.315       979           317274.1 
 343.325       980           317953.8 
 344.334       981           318634.1 
 345.344       982           319315.2 
 346.354       983           319997.1 
 347.364       984           320679.6 
 348.374       985           321362.9 
 349.384       986           322046.9 
 350.393       987           322731.6 
 351.403       988           323417.1 
 352.413       988           323417.1 
 353.423       989           324103.3 
 354.433       990           324790.2 
 355.444       990           324790.2 
 356.455       991           325477.8 
 357.465       991           325477.8 
 358.475       992           326166.2 
 359.486       992           326166.2 
 360.496       992           326166.2 
 361.506       991           325477.8 
 362.516       991           325477.8 
 363.526       991           325477.8 
 364.536       990           324790.2 
 365.547       990           324790.2 
 366.557       989           324103.3 
 367.568       988           323417.1 
 368.579       988           323417.1 
 369.589       987           322731.6 
 370.599       986           322046.9 
 371.61        985           321362.9 
 372.62        985           321362.9 
 373.631       984           320679.6 
 374.641       983           319997.1 
 375.652       983           319997.1 
 376.661       982           319315.2 
 377.671       982           319315.2 
 378.681       981           318634.1 
 379.691       980           317953.8 
 380.7         980           317953.8 
 381.71        980           317953.8 
 382.72        979           317274.1 
 383.73        979           317274.1 
 384.739       978           316595.2 
 385.748       978           316595.2 
 386.758       978           316595.2 
 387.768       978           316595.2 
 388.778       977           315917 
 389.788       977           315917 
 390.797       977           315917 
 391.807       977           315917 
 392.817       977           315917 
 393.827       976           315239.6 
 394.836       976           315239.6 
 395.845       976           315239.6 
 396.855       976           315239.6 
 397.864       976           315239.6 
 398.874       976           315239.6 
 399.883       976           315239.6 
 400.893       976           315239.6 
 401.903       976           315239.6 
 402.912       976           315239.6 
 403.922       976           315239.6 
 404.932       976           315239.6 
 405.942       976           315239.6 
 406.951       976           315239.6 
 407.961       976           315239.6 
 408.971       976           315239.6 
 409.981       976           315239.6 
 410.991       976           315239.6 
 412.001       976           315239.6 
 413.011       976           315239.6 
 414.021       976           315239.6 
 415.03        976           315239.6 
 416.04        976           315239.6 
 417.05        976           315239.6 
 418.06        976           315239.6 
 419.07        976           315239.6 
 420.079       976           315239.6 
 421.089       976           315239.6 
 422.098       976           315239.6 
 423.108       976           315239.6 
