
 1.03          1136          432881.7 
 2.04          1136          432881.7 
 3.05          1135          432088.7 
 4.06          1135          432088.7 
 5.071         1135          432088.7 
 6.08          1134          431296.3 
 7.09          1134          431296.3 
 8.1           1134          431296.3 
 9.11          1133          430504.7 
 10.12         1133          430504.7 
 11.13         1133          430504.7 
 12.139        1133          430504.7 
 13.149        1132          429713.8 
 14.159        1132          429713.8 
 15.168        1132          429713.8 
 16.178        1131          428923.7 
 17.188        1131          428923.7 
 18.199        1131          428923.7 
 19.208        1130          428134.2 
 20.218        1130          428134.2 
 21.228        1130          428134.2 
 22.238        1129          427345.5 
 23.248        1129          427345.5 
 24.258        1129          427345.5 
 25.268        1129          427345.5 
 26.278        1129          427345.5 
 27.288        1128          426557.6 
 28.298        1128          426557.6 
 29.308        1128          426557.6 
 30.318        1128          426557.6 
 31.328        1127          425770.3 
 32.338        1127          425770.3 
 33.348        1127          425770.3 
 34.358        1127          425770.3 
 35.368        1126          424983.8 
 36.378        1126          424983.8 
 37.388        1126          424983.8 
 38.397        1126          424983.8 
 39.407        1125          424198 
 40.417        1125          424198 
 41.427        1125          424198 
 42.437        1125          424198 
 43.447        1125          424198 
 44.457        1124          423412.9 
 45.467        1124          423412.9 
 46.477        1124          423412.9 
 47.487        1124          423412.9 
 48.497        1124          423412.9 
 49.507        1123          422628.6 
 50.517        1123          422628.6 
 51.527        1123          422628.6 
 52.537        1123          422628.6 
 53.547        1123          422628.6 
 54.557        1122          421845 
 55.567        1122          421845 
 56.576        1122          421845 
 57.587        1122          421845 
 58.597        1122          421845 
 59.607        1122          421845 
 60.617        1121          421062.1 
 61.627        1121          421062.1 
 62.637        1121          421062.1 
 63.647        1121          421062.1 
 64.657        1121          421062.1 
 65.667        1121          421062.1 
 66.678        1121          421062.1 
 67.687        1120          420279.9 
 68.697        1120          420279.9 
 69.707        1120          420279.9 
 70.717        1120          420279.9 
 71.728        1120          420279.9 
 72.737        1120          420279.9 
 73.747        1119          419498.5 
 74.757        1119          419498.5 
 75.767        1119          419498.5 
 76.777        1119          419498.5 
 77.787        1119          419498.5 
 78.796        1119          419498.5 
 79.806        1118          418717.8 
 80.816        1118          418717.8 
 81.826        1118          418717.8 
 82.837        1118          418717.8 
 83.847        1118          418717.8 
 84.857        1117          417937.8 
 85.866        1117          417937.8 
 86.876        1117          417937.8 
 87.886        1117          417937.8 
 88.896        1117          417937.8 
 89.906        1116          417158.5 
 90.916        1116          417158.5 
 91.926        1116          417158.5 
 92.936        1116          417158.5 
 93.946        1116          417158.5 
 94.956        1115          416380 
 95.965        1115          416380 
 96.976        1115          416380 
 97.986        1115          416380 
 98.996        1115          416380 
 100.006       1114          415602.2 
 101.016       1114          415602.2 
 102.027       1114          415602.2 
 103.037       1113          414825.2 
 104.047       1112          414048.8 
 105.056       1110          412498.3 
 106.066       1107          410178 
 107.076       1102          406325.3 
 108.086       1096          401726.2 
 109.096       1090          397153.2 
 110.106       1083          391851.1 
 111.116       1076          386584.7 
 112.127       1071          382844.7 
 113.137       1068          380609.5 
 114.148       1065          378380.8 
 115.158       1063          376898.7 
 116.169       1063          376898.7 
 117.179       1064          377639.4 
 118.189       1065          378380.8 
 119.2         1067          379865.9 
 120.21        1069          381353.8 
 121.22        1072          383591.3 
 122.23        1074          385086.5 
 123.24        1076          386584.7 
 124.25        1078          388085.8 
 125.26        1080          389589.7 
 126.27        1081          390342.8 
 127.28        1083          391851.1 
 128.29        1084          392606.4 
 129.301       1085          393362.4 
 130.311       1086          394119.1 
 131.321       1087          394876.5 
 132.331       1087          394876.5 
 133.341       1088          395634.7 
 134.351       1088          395634.7 
 135.36        1088          395634.7 
 136.371       1088          395634.7 
 137.381       1088          395634.7 
 138.391       1088          395634.7 
 139.401       1088          395634.7 
 140.411       1089          396393.6 
 141.421       1091          397913.5 
 142.431       1090          397153.2 
 143.441       1089          396393.6 
 144.452       1088          395634.7 
 145.462       1088          395634.7 
 146.472       1086          394119.1 
 147.482       1082          391096.6 
 148.492       1080          389589.7 
 149.502       1076          386584.7 
 150.512       1073          384338.5 
 151.522       1069          381353.8 
 152.532       1068          380609.5 
 153.542       1066          379123 
 154.553       1063          376898.7 
 155.563       1061          375419.4 
 156.573       1061          375419.4 
 157.584       1060          374680.8 
 158.594       1061          375419.4 
 159.604       1062          376158.7 
 160.615       1064          377639.4 
 161.625       1066          379123 
 162.635       1066          379123 
 163.645       1067          379865.9 
 164.656       1069          381353.8 
 165.666       1070          382098.9 
 166.677       1071          382844.7 
 167.687       1074          385086.5 
 168.697       1076          386584.7 
 169.707       1077          387334.8 
 170.718       1079          388837.3 
 171.728       1080          389589.7 
 172.738       1082          391096.6 
 173.748       1083          391851.1 
 174.758       1084          392606.4 
 175.767       1085          393362.4 
 176.777       1086          394119.1 
 177.788       1086          394119.1 
 178.798       1087          394876.5 
 179.808       1088          395634.7 
 180.819       1089          396393.6 
 181.829       1089          396393.6 
 182.839       1090          397153.2 
 183.849       1091          397913.5 
 184.859       1091          397913.5 
 185.869       1091          397913.5 
 186.88        1092          398674.6 
 187.89        1092          398674.6 
 188.899       1093          399436.4 
 189.909       1093          399436.4 
 190.92        1093          399436.4 
 191.93        1093          399436.4 
 192.94        1093          399436.4 
 193.95        1093          399436.4 
 194.96        1093          399436.4 
 195.97        1093          399436.4 
 196.98        1093          399436.4 
 197.99        1093          399436.4 
 199           1093          399436.4 
 200.01        1093          399436.4 
 201.021       1093          399436.4 
 202.031       1093          399436.4 
 203.041       1093          399436.4 
 204.051       1093          399436.4 
 205.062       1093          399436.4 
 206.072       1093          399436.4 
 207.083       1093          399436.4 
 208.093       1092          398674.6 
 209.103       1092          398674.6 
 210.113       1092          398674.6 
 211.124       1092          398674.6 
 212.133       1092          398674.6 
 213.144       1091          397913.5 
 214.154       1091          397913.5 
 215.164       1091          397913.5 
 216.174       1091          397913.5 
 217.184       1091          397913.5 
 218.194       1091          397913.5 
 219.204       1090          397153.2 
 220.214       1090          397153.2 
 221.225       1090          397153.2 
 222.234       1090          397153.2 
 223.244       1089          396393.6 
 224.255       1089          396393.6 
 225.265       1089          396393.6 
 226.275       1089          396393.6 
 227.285       1088          395634.7 
 228.296       1088          395634.7 
 229.306       1088          395634.7 
 230.315       1088          395634.7 
 231.326       1087          394876.5 
 232.336       1087          394876.5 
 233.347       1087          394876.5 
 234.357       1087          394876.5 
 235.367       1086          394119.1 
 236.377       1086          394119.1 
 237.387       1086          394119.1 
 238.397       1086          394119.1 
 239.407       1085          393362.4 
 240.418       1085          393362.4 
 241.428       1085          393362.4 
 242.439       1085          393362.4 
 243.448       1085          393362.4 
 244.458       1084          392606.4 
 245.468       1084          392606.4 
 246.479       1084          392606.4 
 247.489       1084          392606.4 
 248.499       1083          391851.1 
 249.509       1083          391851.1 
 250.519       1083          391851.1 
 251.529       1083          391851.1 
 252.539       1083          391851.1 
 253.549       1082          391096.6 
 254.559       1082          391096.6 
 255.569       1082          391096.6 
 256.579       1082          391096.6 
 257.589       1081          390342.8 
 258.6         1081          390342.8 
 259.61        1081          390342.8 
 260.62        1081          390342.8 
 261.63        1080          389589.7 
 262.64        1080          389589.7 
 263.651       1080          389589.7 
 264.661       1080          389589.7 
 265.671       1079          388837.3 
 266.681       1079          388837.3 
 267.691       1079          388837.3 
 268.702       1079          388837.3 
 269.712       1079          388837.3 
 270.722       1079          388837.3 
 271.732       1079          388837.3 
 272.742       1079          388837.3 
 273.752       1078          388085.8 
 274.762       1078          388085.8 
 275.772       1078          388085.8 
 276.783       1078          388085.8 
 277.793       1078          388085.8 
 278.803       1078          388085.8 
 279.813       1079          388837.3 
 280.823       1079          388837.3 
 281.833       1079          388837.3 
 282.843       1079          388837.3 
 283.853       1080          389589.7 
 284.864       1080          389589.7 
 285.874       1080          389589.7 
 286.884       1081          390342.8 
 287.894       1082          391096.6 
 288.904       1082          391096.6 
 289.914       1083          391851.1 
 290.924       1084          392606.4 
 291.934       1085          393362.4 
 292.944       1085          393362.4 
 293.954       1086          394119.1 
 294.964       1088          395634.7 
 295.973       1089          396393.6 
 296.983       1090          397153.2 
 297.993       1091          397913.5 
 299.003       1092          398674.6 
 300.014       1093          399436.4 
 301.024       1094          400198.9 
 302.034       1094          400198.9 
 303.044       1095          400962.2 
 304.054       1096          401726.2 
 305.064       1096          401726.2 
 306.074       1097          402490.9 
 307.084       1097          402490.9 
 308.094       1097          402490.9 
 309.104       1097          402490.9 
 310.114       1096          401726.2 
 311.125       1096          401726.2 
 312.135       1095          400962.2 
 313.145       1094          400198.9 
 314.155       1094          400198.9 
 315.165       1093          399436.4 
 316.174       1092          398674.6 
 317.184       1091          397913.5 
 318.194       1090          397153.2 
 319.204       1089          396393.6 
 320.214       1087          394876.5 
 321.224       1086          394119.1 
 322.234       1085          393362.4 
 323.244       1084          392606.4 
 324.255       1083          391851.1 
 325.265       1082          391096.6 
 326.275       1082          391096.6 
 327.285       1081          390342.8 
 328.295       1080          389589.7 
 329.305       1079          388837.3 
 330.315       1078          388085.8 
 331.325       1077          387334.8 
 332.335       1076          386584.7 
 333.346       1076          386584.7 
 334.356       1075          385835.2 
 335.366       1075          385835.2 
 336.376       1074          385086.5 
 337.387       1074          385086.5 
 338.397       1073          384338.5 
 339.408       1073          384338.5 
 340.418       1072          383591.3 
 341.428       1072          383591.3 
 342.439       1072          383591.3 
 343.449       1072          383591.3 
 344.459       1071          382844.7 
 345.47        1071          382844.7 
 346.479       1071          382844.7 
 347.49        1070          382098.9 
 348.5         1070          382098.9 
 349.51        1070          382098.9 
 350.521       1070          382098.9 
 351.531       1070          382098.9 
 352.541       1070          382098.9 
 353.551       1070          382098.9 
 354.561       1069          381353.8 
 355.572       1069          381353.8 
 356.582       1069          381353.8 
 357.592       1069          381353.8 
 358.602       1068          380609.5 
 359.613       1068          380609.5 
 360.623       1068          380609.5 
 361.633       1068          380609.5 
 362.644       1068          380609.5 
 363.654       1068          380609.5 
 364.664       1068          380609.5 
 365.674       1068          380609.5 
 366.684       1067          379865.9 
 367.695       1067          379865.9 
 368.705       1067          379865.9 
 369.716       1067          379865.9 
 370.726       1067          379865.9 
 371.736       1067          379865.9 
 372.745       1067          379865.9 
 373.756       1067          379865.9 
 374.766       1066          379123 
 375.776       1066          379123 
 376.787       1066          379123 
 377.797       1066          379123 
 378.807       1066          379123 
 379.817       1065          378380.8 
 380.827       1065          378380.8 
 381.838       1065          378380.8 
 382.848       1065          378380.8 
 383.858       1065          378380.8 
 384.869       1065          378380.8 
 385.879       1065          378380.8 
 386.89        1065          378380.8 
 387.9         1065          378380.8 
 388.91        1065          378380.8 
 389.921       1065          378380.8 
 390.931       1065          378380.8 
 391.941       1065          378380.8 
 392.952       1065          378380.8 
 393.962       1065          378380.8 
 394.972       1065          378380.8 
 395.982       1066          379123 
 396.993       1065          378380.8 
 398.003       1065          378380.8 
 399.013       1066          379123 
 400.023       1066          379123 
 401.033       1066          379123 
 402.043       1066          379123 
