
 1.016         973           313211.5 
 2.026         973           313211.5 
 3.036         973           313211.5 
 4.046         973           313211.5 
 5.056         973           313211.5 
 6.065         972           312537 
 7.074         972           312537 
 8.084         972           312537 
 9.093         972           312537 
 10.103        972           312537 
 11.113        972           312537 
 12.124        971           311863.2 
 13.133        971           311863.2 
 14.143        971           311863.2 
 15.152        971           311863.2 
 16.162        971           311863.2 
 17.172        971           311863.2 
 18.182        971           311863.2 
 19.191        971           311863.2 
 20.201        971           311863.2 
 21.211        971           311863.2 
 22.221        971           311863.2 
 23.231        971           311863.2 
 24.24         971           311863.2 
 25.25         971           311863.2 
 26.26         971           311863.2 
 27.27         971           311863.2 
 28.281        971           311863.2 
 29.29         970           311190.1 
 30.3          971           311863.2 
 31.31         971           311863.2 
 32.32         971           311863.2 
 33.33         971           311863.2 
 34.34         971           311863.2 
 35.35         971           311863.2 
 36.36         971           311863.2 
 37.37         971           311863.2 
 38.38         971           311863.2 
 39.389        971           311863.2 
 40.399        971           311863.2 
 41.409        971           311863.2 
 42.419        971           311863.2 
 43.429        971           311863.2 
 44.439        971           311863.2 
 45.448        971           311863.2 
 46.458        971           311863.2 
 47.468        971           311863.2 
 48.477        971           311863.2 
 49.487        971           311863.2 
 50.496        971           311863.2 
 51.505        971           311863.2 
 52.514        971           311863.2 
 53.525        972           312537 
 54.535        972           312537 
 55.545        972           312537 
 56.555        972           312537 
 57.565        972           312537 
 58.574        972           312537 
 59.584        972           312537 
 60.594        972           312537 
 61.604        972           312537 
 62.614        972           312537 
 63.624        971           311863.2 
 64.633        971           311863.2 
 65.643        971           311863.2 
 66.653        971           311863.2 
 67.663        971           311863.2 
 68.672        971           311863.2 
 69.682        971           311863.2 
 70.691        971           311863.2 
 71.701        971           311863.2 
 72.711        971           311863.2 
 73.721        971           311863.2 
 74.731        970           311190.1 
 75.741        970           311190.1 
 76.75         970           311190.1 
 77.76         970           311190.1 
 78.77         970           311190.1 
 79.78         969           310517.7 
 80.79         969           310517.7 
 81.799        969           310517.7 
 82.809        969           310517.7 
 83.819        969           310517.7 
 84.829        969           310517.7 
 85.839        969           310517.7 
 86.848        968           309846.1 
 87.858        968           309846.1 
 88.868        968           309846.1 
 89.878        968           309846.1 
 90.887        968           309846.1 
 91.897        968           309846.1 
 92.906        968           309846.1 
 93.916        968           309846.1 
 94.926        968           309846.1 
 95.936        968           309846.1 
 96.946        968           309846.1 
 97.955        967           309175.1 
 98.965        967           309175.1 
 99.974        967           309175.1 
 100.983       967           309175.1 
 101.993       967           309175.1 
 103.003       967           309175.1 
 104.012       967           309175.1 
 105.022       967           309175.1 
 106.032       966           308504.9 
 107.042       966           308504.9 
 108.051       965           307835.5 
 109.061       963           306498.8 
 110.07        959           303834 
 111.08        955           301180.8 
 112.09        949           297223 
 113.1         942           292638.5 
 114.11        936           288737.3 
 115.12        930           284862.3 
 116.13        925           281653.2 
 117.14        921           279098.9 
 118.15        920           278462.2 
 119.16        920           278462.2 
 120.17        921           279098.9 
 121.18        923           280374.6 
 122.19        925           281653.2 
 123.199       927           282934.7 
 124.209       930           284862.3 
 125.219       933           286796.6 
 126.229       935           288089.7 
 127.238       937           289385.7 
 128.248       939           290684.7 
 129.258       941           291986.5 
 130.268       943           293291.3 
 131.278       944           293944.7 
 132.287       945           294598.9 
 133.297       946           295253.8 
 134.307       947           295909.5 
 135.317       947           295909.5 
 136.326       948           296565.9 
 137.337       948           296565.9 
 138.347       948           296565.9 
 139.357       948           296565.9 
 140.367       947           295909.5 
 141.377       947           295909.5 
 142.387       947           295909.5 
 143.396       946           295253.8 
 144.407       946           295253.8 
 145.416       945           294598.9 
 146.425       945           294598.9 
 147.435       945           294598.9 
 148.446       944           293944.7 
 149.456       943           293291.3 
 150.465       941           291986.5 
 151.475       940           291335.2 
 152.485       938           290034.8 
 153.494       936           288737.3 
 154.505       935           288089.7 
 155.514       933           286796.6 
 156.524       932           286151.1 
 157.534       931           285506.4 
 158.544       930           284862.3 
 159.553       929           284219.1 
 160.563       929           284219.1 
 161.573       930           284862.3 
 162.583       932           286151.1 
 163.593       932           286151.1 
 164.603       933           286796.6 
 165.613       934           287442.8 
 166.623       935           288089.7 
 167.633       936           288737.3 
 168.643       937           289385.7 
 169.652       939           290684.7 
 170.662       941           291986.5 
 171.672       942           292638.5 
 172.682       943           293291.3 
 173.692       945           294598.9 
 174.703       946           295253.8 
 175.712       946           295253.8 
 176.722       947           295909.5 
 177.732       948           296565.9 
 178.741       949           297223 
 179.751       950           297880.8 
 180.762       951           298539.3 
 181.772       952           299198.6 
 182.782       952           299198.6 
 183.792       953           299858.7 
 184.801       953           299858.7 
 185.811       954           300519.4 
 186.82        954           300519.4 
 187.83        955           301180.8 
 188.84        956           301843 
 189.85        956           301843 
 190.859       956           301843 
 191.869       957           302506 
 192.879       957           302506 
 193.889       957           302506 
 194.899       957           302506 
 195.909       958           303169.6 
 196.919       958           303169.6 
 197.928       958           303169.6 
 198.937       958           303169.6 
 199.947       959           303834 
 200.957       959           303834 
 201.967       959           303834 
 202.976       959           303834 
 203.986       959           303834 
 204.996       960           304499.1 
 206.007       960           304499.1 
 207.017       960           304499.1 
 208.027       960           304499.1 
 209.036       960           304499.1 
 210.046       960           304499.1 
 211.056       960           304499.1 
 212.066       960           304499.1 
 213.075       960           304499.1 
 214.084       960           304499.1 
 215.094       960           304499.1 
 216.104       960           304499.1 
 217.114       961           305164.9 
 218.124       960           304499.1 
 219.134       961           305164.9 
 220.144       961           305164.9 
 221.154       961           305164.9 
 222.165       960           304499.1 
 223.175       961           305164.9 
 224.184       961           305164.9 
 225.194       961           305164.9 
 226.205       961           305164.9 
 227.214       961           305164.9 
 228.224       961           305164.9 
 229.235       961           305164.9 
 230.245       961           305164.9 
 231.255       961           305164.9 
 232.265       961           305164.9 
 233.275       961           305164.9 
 234.285       961           305164.9 
 235.295       961           305164.9 
 236.305       961           305164.9 
 237.315       960           304499.1 
 238.324       960           304499.1 
 239.334       960           304499.1 
 240.344       960           304499.1 
 241.353       960           304499.1 
 242.362       960           304499.1 
 243.373       961           305164.9 
 244.382       960           304499.1 
 245.391       960           304499.1 
 246.401       960           304499.1 
 247.411       961           305164.9 
 248.42        960           304499.1 
 249.43        960           304499.1 
 250.439       960           304499.1 
 251.449       961           305164.9 
 252.459       960           304499.1 
 253.468       960           304499.1 
 254.477       960           304499.1 
 255.487       960           304499.1 
 256.496       960           304499.1 
 257.506       960           304499.1 
 258.515       960           304499.1 
 259.525       960           304499.1 
 260.534       960           304499.1 
 261.544       960           304499.1 
 262.554       960           304499.1 
 263.563       960           304499.1 
 264.573       960           304499.1 
 265.582       960           304499.1 
 266.591       960           304499.1 
 267.601       960           304499.1 
 268.61        960           304499.1 
 269.62        960           304499.1 
 270.63        961           305164.9 
 271.639       960           304499.1 
 272.649       960           304499.1 
 273.659       961           305164.9 
 274.669       961           305164.9 
 275.679       961           305164.9 
 276.689       961           305164.9 
 277.698       961           305164.9 
 278.708       961           305164.9 
 279.718       961           305164.9 
 280.728       962           305831.5 
 281.737       962           305831.5 
 282.747       963           306498.8 
 283.757       963           306498.8 
 284.766       963           306498.8 
 285.776       964           307166.8 
 286.786       964           307166.8 
 287.795       965           307835.5 
 288.805       966           308504.9 
 289.815       967           309175.1 
 290.824       967           309175.1 
 291.834       968           309846.1 
 292.844       970           311190.1 
 293.853       971           311863.2 
 294.863       972           312537 
 295.873       973           313211.5 
 296.883       975           314562.8 
 297.893       976           315239.6 
 298.902       977           315917 
 299.912       979           317274.1 
 300.921       980           317953.8 
 301.931       982           319315.2 
 302.941       983           319997.1 
 303.951       984           320679.6 
 304.961       986           322046.9 
 305.971       987           322731.6 
 306.981       987           322731.6 
 307.991       988           323417.1 
 309.002       989           324103.3 
 310.012       989           324103.3 
 311.022       989           324103.3 
 312.033       989           324103.3 
 313.043       989           324103.3 
 314.053       989           324103.3 
 315.063       988           323417.1 
 316.074       988           323417.1 
 317.083       987           322731.6 
 318.094       986           322046.9 
 319.104       985           321362.9 
 320.113       984           320679.6 
 321.124       983           319997.1 
 322.135       982           319315.2 
 323.144       981           318634.1 
 324.155       980           317953.8 
 325.165       979           317274.1 
 326.175       978           316595.2 
 327.184       977           315917 
 328.193       976           315239.6 
 329.203       975           314562.8 
 330.212       974           313886.8 
 331.222       974           313886.8 
 332.231       973           313211.5 
 333.241       972           312537 
 334.25        972           312537 
 335.26        971           311863.2 
 336.27        971           311863.2 
 337.279       970           311190.1 
 338.289       970           311190.1 
 339.299       969           310517.7 
 340.309       969           310517.7 
 341.319       969           310517.7 
 342.328       968           309846.1 
 343.338       968           309846.1 
 344.347       968           309846.1 
 345.357       967           309175.1 
 346.366       967           309175.1 
 347.375       967           309175.1 
 348.385       967           309175.1 
 349.395       967           309175.1 
 350.405       967           309175.1 
 351.415       967           309175.1 
 352.425       966           308504.9 
 353.434       966           308504.9 
 354.444       966           308504.9 
 355.453       966           308504.9 
 356.463       966           308504.9 
 357.473       966           308504.9 
 358.483       966           308504.9 
 359.493       966           308504.9 
 360.502       965           307835.5 
 361.512       965           307835.5 
 362.521       965           307835.5 
 363.531       965           307835.5 
 364.541       965           307835.5 
 365.55        965           307835.5 
 366.56        965           307835.5 
 367.57        965           307835.5 
