
 1.017         1042          361511.6 
 2.028         1042          361511.6 
 3.038         1042          361511.6 
 4.049         1042          361511.6 
 5.059         1042          361511.6 
 6.069         1042          361511.6 
 7.079         1042          361511.6 
 8.089         1042          361511.6 
 9.099         1042          361511.6 
 10.109        1042          361511.6 
 11.119        1042          361511.6 
 12.13         1041          360786.8 
 13.14         1041          360786.8 
 14.15         1041          360786.8 
 15.16         1041          360786.8 
 16.17         1041          360786.8 
 17.181        1040          360062.8 
 18.191        1040          360062.8 
 19.202        1040          360062.8 
 20.212        1040          360062.8 
 21.222        1040          360062.8 
 22.233        1040          360062.8 
 23.243        1040          360062.8 
 24.254        1039          359339.6 
 25.264        1039          359339.6 
 26.275        1039          359339.6 
 27.285        1039          359339.6 
 28.295        1039          359339.6 
 29.306        1039          359339.6 
 30.316        1038          358617 
 31.327        1038          358617 
 32.337        1038          358617 
 33.347        1038          358617 
 34.357        1038          358617 
 35.367        1038          358617 
 36.378        1037          357895.2 
 37.388        1038          358617 
 38.399        1037          357895.2 
 39.409        1037          357895.2 
 40.419        1037          357895.2 
 41.43         1037          357895.2 
 42.44         1037          357895.2 
 43.45         1037          357895.2 
 44.461        1037          357895.2 
 45.471        1037          357895.2 
 46.482        1036          357174.1 
 47.492        1036          357174.1 
 48.503        1036          357174.1 
 49.513        1036          357174.1 
 50.524        1036          357174.1 
 51.535        1036          357174.1 
 52.546        1036          357174.1 
 53.556        1036          357174.1 
 54.566        1036          357174.1 
 55.576        1036          357174.1 
 56.587        1036          357174.1 
 57.597        1036          357174.1 
 58.607        1036          357174.1 
 59.617        1036          357174.1 
 60.628        1036          357174.1 
 61.638        1036          357174.1 
 62.649        1035          356453.8 
 63.659        1035          356453.8 
 64.67         1035          356453.8 
 65.681        1035          356453.8 
 66.691        1035          356453.8 
 67.701        1035          356453.8 
 68.711        1035          356453.8 
 69.721        1035          356453.8 
 70.732        1035          356453.8 
 71.742        1035          356453.8 
 72.752        1035          356453.8 
 73.763        1034          355734.2 
 74.774        1034          355734.2 
 75.784        1034          355734.2 
 76.795        1034          355734.2 
 77.806        1034          355734.2 
 78.816        1034          355734.2 
 79.825        1034          355734.2 
 80.835        1034          355734.2 
 81.846        1034          355734.2 
 82.856        1034          355734.2 
 83.866        1034          355734.2 
 84.876        1034          355734.2 
 85.887        1033          355015.3 
 86.897        1033          355015.3 
 87.908        1033          355015.3 
 88.918        1033          355015.3 
 89.929        1033          355015.3 
 90.939        1033          355015.3 
 91.949        1033          355015.3 
 92.96         1033          355015.3 
 93.97         1032          354297.1 
 94.981        1032          354297.1 
 95.992        1032          354297.1 
 97.002        1032          354297.1 
 98.013        1032          354297.1 
 99.023        1032          354297.1 
 100.033       1032          354297.1 
 101.044       1031          353579.6 
 102.054       1031          353579.6 
 103.065       1031          353579.6 
 104.075       1031          353579.6 
 105.086       1031          353579.6 
 106.096       1030          352862.9 
 107.107       1029          352146.9 
 108.117       1027          350717.1 
 109.127       1024          348577.8 
 110.138       1019          345026.9 
 111.148       1014          341494.2 
 112.158       1007          336578.9 
 113.169       1001          332394.2 
 114.179       995           328235.7 
 115.189       990           324790.2 
 116.2         986           322046.9 
 117.21        985           321362.9 
 118.22        984           320679.6 
 119.23        984           320679.6 
 120.24        985           321362.9 
 121.25        987           322731.6 
 122.261       989           324103.3 
 123.271       992           326166.2 
 124.281       994           327545.1 
 125.29        996           328926.9 
 126.301       998           330311.7 
 127.311       1000          331699.3 
 128.321       1002          333089.8 
 129.332       1003          333786.2 
 130.342       1005          335181.1 
 131.353       1006          335879.7 
 132.363       1007          336578.9 
 133.373       1008          337278.9 
 134.384       1008          337278.9 
 135.395       1009          337979.7 
 136.405       1009          337979.7 
 137.415       1009          337979.7 
 138.425       1009          337979.7 
 139.435       1009          337979.7 
 140.446       1008          337278.9 
 141.457       1008          337278.9 
 142.467       1008          337278.9 
 143.478       1008          337278.9 
 144.489       1007          336578.9 
 145.499       1008          337278.9 
 146.509       1008          337278.9 
 147.52        1008          337278.9 
 148.53        1007          336578.9 
 149.54        1007          336578.9 
 150.551       1005          335181.1 
 151.562       1003          333786.2 
 152.572       1001          332394.2 
 153.583       999           331005.1 
 154.593       997           329618.9 
 155.604       995           328235.7 
 156.615       993           326855.3 
 157.624       991           325477.8 
 158.634       989           324103.3 
 159.643       987           322731.6 
 160.654       988           323417.1 
 161.664       989           324103.3 
 162.674       989           324103.3 
 163.685       990           324790.2 
 164.695       991           325477.8 
 165.704       992           326166.2 
 166.714       992           326166.2 
 167.724       993           326855.3 
 168.735       995           328235.7 
 169.745       997           329618.9 
 170.756       998           330311.7 
 171.767       999           331005.1 
 172.778       1001          332394.2 
 173.788       1003          333786.2 
 174.799       1004          334483.3 
 175.809       1005          335181.1 
 176.82        1006          335879.7 
 177.831       1007          336578.9 
 178.841       1008          337278.9 
 179.852       1009          337979.7 
 180.862       1010          338681.1 
 181.873       1010          338681.1 
 182.884       1011          339383.3 
 183.894       1012          340086.2 
 184.905       1012          340086.2 
 185.915       1013          340789.8 
 186.926       1013          340789.8 
 187.936       1014          341494.2 
 188.946       1014          341494.2 
 189.957       1014          341494.2 
 190.968       1015          342199.3 
 191.978       1015          342199.3 
 192.988       1015          342199.3 
 193.999       1015          342199.3 
 195.01        1016          342905.1 
 196.02        1016          342905.1 
 197.031       1016          342905.1 
 198.042       1016          342905.1 
 199.052       1016          342905.1 
 200.063       1017          343611.7 
 201.073       1017          343611.7 
 202.084       1017          343611.7 
 203.094       1017          343611.7 
 204.104       1017          343611.7 
 205.115       1017          343611.7 
 206.125       1017          343611.7 
 207.135       1017          343611.7 
 208.145       1017          343611.7 
 209.156       1017          343611.7 
 210.166       1017          343611.7 
 211.176       1017          343611.7 
 212.187       1017          343611.7 
 213.197       1017          343611.7 
 214.208       1017          343611.7 
 215.218       1017          343611.7 
 216.229       1017          343611.7 
 217.239       1017          343611.7 
 218.25        1017          343611.7 
 219.26        1017          343611.7 
 220.271       1017          343611.7 
 221.282       1016          342905.1 
 222.292       1017          343611.7 
 223.303       1017          343611.7 
 224.314       1016          342905.1 
 225.324       1016          342905.1 
 226.335       1016          342905.1 
 227.346       1016          342905.1 
 228.356       1016          342905.1 
 229.366       1016          342905.1 
 230.376       1016          342905.1 
 231.386       1016          342905.1 
 232.397       1016          342905.1 
 233.408       1015          342199.3 
 234.418       1015          342199.3 
 235.429       1015          342199.3 
 236.439       1015          342199.3 
 237.45        1015          342199.3 
 238.46        1015          342199.3 
 239.47        1015          342199.3 
 240.481       1014          341494.2 
 241.492       1014          341494.2 
 242.503       1014          341494.2 
 243.513       1014          341494.2 
 244.524       1014          341494.2 
 245.534       1014          341494.2 
 246.544       1014          341494.2 
 247.554       1014          341494.2 
 248.565       1014          341494.2 
 249.576       1014          341494.2 
 250.586       1014          341494.2 
 251.597       1013          340789.8 
 252.608       1013          340789.8 
 253.619       1013          340789.8 
 254.629       1014          341494.2 
 255.64        1013          340789.8 
 256.651       1013          340789.8 
 257.662       1013          340789.8 
 258.673       1013          340789.8 
 259.684       1013          340789.8 
 260.695       1013          340789.8 
 261.705       1013          340789.8 
 262.716       1013          340789.8 
 263.726       1013          340789.8 
 264.736       1013          340789.8 
 265.747       1013          340789.8 
 266.757       1013          340789.8 
 267.767       1013          340789.8 
 268.777       1013          340789.8 
 269.788       1013          340789.8 
 270.799       1013          340789.8 
 271.809       1013          340789.8 
 272.82        1013          340789.8 
 273.831       1014          341494.2 
 274.841       1014          341494.2 
 275.852       1014          341494.2 
 276.862       1014          341494.2 
 277.873       1015          342199.3 
 278.883       1015          342199.3 
 279.894       1015          342199.3 
 280.904       1016          342905.1 
 281.915       1017          343611.7 
 282.925       1017          343611.7 
 283.936       1018          344318.9 
 284.947       1019          345026.9 
 285.957       1021          346445.1 
 286.967       1022          347155.3 
 287.978       1023          347866.2 
 288.989       1025          349290.2 
 290           1027          350717.1 
 291.011       1029          352146.9 
 292.021       1032          354297.1 
 293.032       1034          355734.2 
 294.042       1037          357895.2 
 295.052       1040          360062.8 
 296.063       1043          362237 
 297.073       1047          365146.1 
 298.084       1050          367335.5 
 299.094       1053          369531.5 
 300.104       1057          372469.6 
 301.115       1060          374680.8 
 302.125       1064          377639.4 
 303.135       1066          379123 
 304.146       1069          381353.8 
 305.156       1072          383591.3 
 306.166       1074          385086.5 
 307.176       1075          385835.2 
 308.187       1077          387334.8 
 309.197       1078          388085.8 
 310.207       1078          388085.8 
 311.217       1078          388085.8 
 312.227       1078          388085.8 
 313.237       1078          388085.8 
 314.248       1076          386584.7 
 315.258       1075          385835.2 
 316.269       1073          384338.5 
 317.278       1071          382844.7 
 318.289       1068          380609.5 
 319.299       1066          379123 
 320.309       1064          377639.4 
 321.319       1061          375419.4 
 322.33        1058          373206 
 323.34        1056          371734 
 324.351       1053          369531.5 
 325.361       1050          367335.5 
 326.371       1048          365875.2 
 327.381       1046          364417.7 
 328.392       1043          362237 
 329.402       1041          360786.8 
 330.413       1039          359339.6 
 331.424       1037          357895.2 
 332.434       1036          357174.1 
 333.444       1034          355734.2 
 334.455       1032          354297.1 
 335.465       1031          353579.6 
 336.475       1030          352862.9 
 337.486       1028          351431.6 
 338.497       1027          350717.1 
 339.507       1026          350003.3 
 340.518       1025          349290.2 
 341.529       1024          348577.8 
 342.539       1024          348577.8 
 343.549       1023          347866.2 
 344.56        1022          347155.3 
 345.57        1021          346445.1 
 346.581       1021          346445.1 
 347.592       1020          345735.7 
 348.603       1019          345026.9 
 349.613       1019          345026.9 
 350.623       1018          344318.9 
 351.633       1018          344318.9 
 352.643       1017          343611.7 
 353.653       1017          343611.7 
 354.663       1017          343611.7 
 355.674       1016          342905.1 
 356.684       1015          342199.3 
 357.694       1015          342199.3 
 358.705       1015          342199.3 
 359.715       1014          341494.2 
 360.726       1014          341494.2 
 361.736       1014          341494.2 
 362.747       1013          340789.8 
 363.757       1013          340789.8 
 364.768       1012          340086.2 
 365.779       1012          340086.2 
 366.789       1012          340086.2 
 367.8         1011          339383.3 
 368.81        1011          339383.3 
 369.821       1011          339383.3 
 370.831       1011          339383.3 
 371.841       1010          338681.1 
 372.851       1010          338681.1 
 373.862       1010          338681.1 
 374.873       1009          337979.7 
 375.883       1009          337979.7 
 376.893       1009          337979.7 
 377.904       1009          337979.7 
 378.914       1009          337979.7 
 379.925       1008          337278.9 
 380.935       1008          337278.9 
 381.946       1008          337278.9 
