
 1.017         971           311863.2 
 2.026         971           311863.2 
 3.036         971           311863.2 
 4.046         971           311863.2 
 5.056         971           311863.2 
 6.066         971           311863.2 
 7.075         970           311190.1 
 8.086         970           311190.1 
 9.095         970           311190.1 
 10.105        970           311190.1 
 11.115        970           311190.1 
 12.125        970           311190.1 
 13.135        969           310517.7 
 14.145        969           310517.7 
 15.154        969           310517.7 
 16.164        969           310517.7 
 17.174        969           310517.7 
 18.184        969           310517.7 
 19.194        969           310517.7 
 20.204        969           310517.7 
 21.214        968           309846.1 
 22.224        968           309846.1 
 23.233        968           309846.1 
 24.242        968           309846.1 
 25.252        968           309846.1 
 26.262        968           309846.1 
 27.271        968           309846.1 
 28.281        968           309846.1 
 29.29         968           309846.1 
 30.3          968           309846.1 
 31.31         968           309846.1 
 32.319        968           309846.1 
 33.329        968           309846.1 
 34.338        968           309846.1 
 35.348        968           309846.1 
 36.357        968           309846.1 
 37.366        968           309846.1 
 38.376        969           310517.7 
 39.386        969           310517.7 
 40.396        969           310517.7 
 41.406        969           310517.7 
 42.415        969           310517.7 
 43.426        969           310517.7 
 44.436        970           311190.1 
 45.446        970           311190.1 
 46.455        970           311190.1 
 47.464        970           311190.1 
 48.474        970           311190.1 
 49.484        970           311190.1 
 50.493        971           311863.2 
 51.503        971           311863.2 
 52.513        971           311863.2 
 53.522        971           311863.2 
 54.532        972           312537 
 55.541        972           312537 
 56.551        972           312537 
 57.561        972           312537 
 58.571        972           312537 
 59.581        973           313211.5 
 60.59         972           312537 
 61.6          973           313211.5 
 62.61         973           313211.5 
 63.62         973           313211.5 
 64.629        973           313211.5 
 65.639        973           313211.5 
 66.649        973           313211.5 
 67.658        973           313211.5 
 68.668        973           313211.5 
 69.678        974           313886.8 
 70.687        974           313886.8 
 71.697        974           313886.8 
 72.707        974           313886.8 
 73.717        974           313886.8 
 74.726        974           313886.8 
 75.736        974           313886.8 
 76.746        974           313886.8 
 77.755        974           313886.8 
 78.764        974           313886.8 
 79.774        974           313886.8 
 80.783        974           313886.8 
 81.793        974           313886.8 
 82.802        974           313886.8 
 83.812        974           313886.8 
 84.821        974           313886.8 
 85.831        974           313886.8 
 86.841        974           313886.8 
 87.851        974           313886.8 
 88.86         974           313886.8 
 89.87         974           313886.8 
 90.88         973           313211.5 
 91.89         973           313211.5 
 92.9          973           313211.5 
 93.91         973           313211.5 
 94.919        973           313211.5 
 95.929        973           313211.5 
 96.939        973           313211.5 
 97.948        973           313211.5 
 98.958        973           313211.5 
 99.968        973           313211.5 
 100.978       973           313211.5 
 101.988       973           313211.5 
 102.997       972           312537 
 104.007       972           312537 
 105.016       972           312537 
 106.025       972           312537 
 107.035       971           311863.2 
 108.044       970           311190.1 
 109.054       968           309846.1 
 110.064       965           307835.5 
 111.073       960           304499.1 
 112.083       954           300519.4 
 113.093       947           295909.5 
 114.103       940           291335.2 
 115.112       934           287442.8 
 116.122       930           284862.3 
 117.132       926           282293.6 
 118.142       925           281653.2 
 119.152       925           281653.2 
 120.163       926           282293.6 
 121.172       928           283576.5 
 122.182       930           284862.3 
 123.192       933           286796.6 
 124.203       936           288737.3 
 125.213       938           290034.8 
 126.223       941           291986.5 
 127.233       943           293291.3 
 128.242       945           294598.9 
 129.252       947           295909.5 
 130.261       948           296565.9 
 131.271       950           297880.8 
 132.281       951           298539.3 
 133.29        952           299198.6 
 134.3         953           299858.7 
 135.311       954           300519.4 
 136.32        954           300519.4 
 137.33        954           300519.4 
 138.339       954           300519.4 
 139.35        955           301180.8 
 140.36        955           301180.8 
 141.37        954           300519.4 
 142.379       954           300519.4 
 143.389       954           300519.4 
 144.399       953           299858.7 
 145.408       952           299198.6 
 146.418       953           299858.7 
 147.428       952           299198.6 
 148.438       951           298539.3 
 149.448       949           297223 
 150.458       948           296565.9 
 151.468       946           295253.8 
 152.477       944           293944.7 
 153.487       943           293291.3 
 154.498       942           292638.5 
 155.507       941           291986.5 
 156.517       939           290684.7 
 157.527       938           290034.8 
 158.536       937           289385.7 
 159.547       937           289385.7 
 160.556       936           288737.3 
 161.566       936           288737.3 
 162.576       937           289385.7 
 163.587       939           290684.7 
 164.597       940           291335.2 
 165.607       942           292638.5 
 166.617       944           293944.7 
 167.626       945           294598.9 
 168.637       947           295909.5 
 169.647       949           297223 
 170.657       951           298539.3 
 171.667       952           299198.6 
 172.677       953           299858.7 
 173.686       954           300519.4 
 174.696       955           301180.8 
 175.705       956           301843 
 176.715       957           302506 
 177.725       958           303169.6 
 178.734       959           303834 
 179.744       960           304499.1 
 180.755       961           305164.9 
 181.765       962           305831.5 
 182.774       962           305831.5 
 183.784       963           306498.8 
 184.794       963           306498.8 
 185.804       964           307166.8 
 186.814       965           307835.5 
 187.824       965           307835.5 
 188.834       966           308504.9 
 189.844       966           308504.9 
 190.853       966           308504.9 
 191.862       966           308504.9 
 192.872       967           309175.1 
 193.881       967           309175.1 
 194.891       968           309846.1 
 195.901       968           309846.1 
 196.91        968           309846.1 
 197.92        969           310517.7 
 198.93        969           310517.7 
 199.94        969           310517.7 
 200.949       969           310517.7 
 201.959       970           311190.1 
 202.968       969           310517.7 
 203.978       970           311190.1 
 204.988       970           311190.1 
 205.998       970           311190.1 
 207.008       970           311190.1 
 208.018       970           311190.1 
 209.027       970           311190.1 
 210.037       970           311190.1 
 211.047       970           311190.1 
 212.056       970           311190.1 
 213.066       970           311190.1 
 214.075       970           311190.1 
 215.084       970           311190.1 
 216.094       970           311190.1 
 217.104       970           311190.1 
 218.113       970           311190.1 
 219.123       970           311190.1 
 220.133       970           311190.1 
 221.143       971           311863.2 
 222.152       970           311190.1 
 223.162       970           311190.1 
 224.172       971           311863.2 
 225.182       971           311863.2 
 226.191       970           311190.1 
 227.202       971           311863.2 
 228.212       971           311863.2 
 229.222       971           311863.2 
 230.232       970           311190.1 
 231.242       971           311863.2 
 232.252       971           311863.2 
 233.262       971           311863.2 
 234.272       970           311190.1 
 235.282       971           311863.2 
 236.292       971           311863.2 
 237.302       971           311863.2 
 238.312       971           311863.2 
 239.321       971           311863.2 
 240.331       971           311863.2 
 241.341       971           311863.2 
 242.351       971           311863.2 
 243.36        971           311863.2 
 244.37        971           311863.2 
 245.38        971           311863.2 
 246.389       971           311863.2 
 247.399       971           311863.2 
 248.408       971           311863.2 
 249.418       971           311863.2 
 250.427       971           311863.2 
 251.436       971           311863.2 
 252.446       971           311863.2 
 253.456       971           311863.2 
 254.465       971           311863.2 
 255.474       971           311863.2 
 256.483       971           311863.2 
 257.493       971           311863.2 
 258.503       971           311863.2 
 259.513       972           312537 
 260.523       971           311863.2 
 261.533       971           311863.2 
 262.543       972           312537 
 263.553       972           312537 
 264.563       972           312537 
 265.573       972           312537 
 266.582       972           312537 
 267.592       972           312537 
 268.601       972           312537 
 269.61        972           312537 
 270.62        973           313211.5 
 271.63        973           313211.5 
 272.64        973           313211.5 
 273.649       973           313211.5 
 274.659       974           313886.8 
 275.669       974           313886.8 
 276.679       974           313886.8 
 277.688       974           313886.8 
 278.698       975           314562.8 
 279.707       975           314562.8 
 280.717       975           314562.8 
 281.726       976           315239.6 
 282.736       977           315917 
 283.746       978           316595.2 
 284.756       978           316595.2 
 285.766       980           317953.8 
 286.776       981           318634.1 
 287.785       982           319315.2 
 288.796       983           319997.1 
 289.807       985           321362.9 
 290.816       987           322731.6 
 291.827       989           324103.3 
 292.836       991           325477.8 
 293.847       993           326855.3 
 294.856       996           328926.9 
 295.867       998           330311.7 
 296.878       1000          331699.3 
 297.889       1003          333786.2 
 298.899       1006          335879.7 
 299.91        1008          337278.9 
 300.921       1011          339383.3 
 301.931       1015          342199.3 
 302.942       1017          343611.7 
 303.952       1019          345026.9 
 304.963       1021          346445.1 
 305.973       1024          348577.8 
 306.984       1025          349290.2 
 307.994       1026          350003.3 
 309.005       1027          350717.1 
 310.015       1028          351431.6 
 311.025       1028          351431.6 
 312.036       1027          350717.1 
 313.047       1027          350717.1 
 314.057       1026          350003.3 
 315.068       1025          349290.2 
 316.078       1024          348577.8 
 317.088       1022          347155.3 
 318.099       1020          345735.7 
 319.109       1018          344318.9 
 320.118       1016          342905.1 
 321.129       1014          341494.2 
 322.14        1012          340086.2 
 323.15        1010          338681.1 
 324.161       1008          337278.9 
 325.171       1006          335879.7 
 326.182       1003          333786.2 
 327.193       1002          333089.8 
 328.203       1000          331699.3 
 329.213       998           330311.7 
 330.224       996           328926.9 
 331.235       995           328235.7 
 332.246       994           327545.1 
 333.255       992           326166.2 
 334.264       991           325477.8 
 335.275       990           324790.2 
 336.285       989           324103.3 
 337.294       988           323417.1 
 338.305       987           322731.6 
 339.314       986           322046.9 
 340.324       985           321362.9 
 341.334       985           321362.9 
 342.344       984           320679.6 
 343.354       983           319997.1 
 344.365       983           319997.1 
 345.374       982           319315.2 
 346.384       982           319315.2 
 347.393       981           318634.1 
 348.403       981           318634.1 
 349.412       980           317953.8 
 350.422       980           317953.8 
 351.432       980           317953.8 
 352.441       979           317274.1 
 353.451       979           317274.1 
 354.461       978           316595.2 
 355.471       978           316595.2 
 356.48        978           316595.2 
 357.49        977           315917 
 358.5         977           315917 
 359.509       977           315917 
 360.519       977           315917 
 361.529       976           315239.6 
 362.539       976           315239.6 
 363.548       976           315239.6 
 364.558       976           315239.6 
 365.568       976           315239.6 
 366.578       976           315239.6 
 367.588       975           314562.8 
 368.598       975           314562.8 
 369.607       975           314562.8 
 370.617       975           314562.8 
 371.627       975           314562.8 
 372.636       974           313886.8 
 373.646       974           313886.8 
 374.655       974           313886.8 
 375.665       974           313886.8 
 376.675       974           313886.8 
 377.685       974           313886.8 
 378.695       974           313886.8 
 379.705       973           313211.5 
 380.714       973           313211.5 
 381.724       973           313211.5 
 382.733       973           313211.5 
 383.742       973           313211.5 
 384.752       973           313211.5 
 385.762       973           313211.5 
 386.772       973           313211.5 
 387.781       973           313211.5 
 388.791       973           313211.5 
