
 1.017         984           320679.6 
 2.027         983           319997.1 
 3.037         983           319997.1 
 4.046         983           319997.1 
 5.056         983           319997.1 
 6.066         983           319997.1 
 7.076         983           319997.1 
 8.086         982           319315.2 
 9.096         982           319315.2 
 10.105        982           319315.2 
 11.114        982           319315.2 
 12.124        982           319315.2 
 13.135        982           319315.2 
 14.145        982           319315.2 
 15.155        982           319315.2 
 16.165        981           318634.1 
 17.176        981           318634.1 
 18.185        981           318634.1 
 19.194        981           318634.1 
 20.203        981           318634.1 
 21.213        981           318634.1 
 22.222        981           318634.1 
 23.232        981           318634.1 
 24.241        981           318634.1 
 25.251        981           318634.1 
 26.261        981           318634.1 
 27.271        981           318634.1 
 28.28         981           318634.1 
 29.29         981           318634.1 
 30.299        981           318634.1 
 31.309        981           318634.1 
 32.319        981           318634.1 
 33.328        981           318634.1 
 34.338        981           318634.1 
 35.347        981           318634.1 
 36.356        981           318634.1 
 37.367        981           318634.1 
 38.376        981           318634.1 
 39.385        981           318634.1 
 40.394        981           318634.1 
 41.404        981           318634.1 
 42.415        982           319315.2 
 43.425        982           319315.2 
 44.434        982           319315.2 
 45.443        982           319315.2 
 46.453        982           319315.2 
 47.463        983           319997.1 
 48.473        983           319997.1 
 49.482        983           319997.1 
 50.492        983           319997.1 
 51.501        983           319997.1 
 52.51         983           319997.1 
 53.521        983           319997.1 
 54.532        983           319997.1 
 55.542        984           320679.6 
 56.552        984           320679.6 
 57.562        984           320679.6 
 58.571        984           320679.6 
 59.582        984           320679.6 
 60.592        984           320679.6 
 61.602        984           320679.6 
 62.611        985           321362.9 
 63.621        985           321362.9 
 64.631        985           321362.9 
 65.64         985           321362.9 
 66.65         985           321362.9 
 67.66         985           321362.9 
 68.67         985           321362.9 
 69.679        985           321362.9 
 70.69         985           321362.9 
 71.7          985           321362.9 
 72.71         985           321362.9 
 73.719        985           321362.9 
 74.729        985           321362.9 
 75.739        985           321362.9 
 76.75         985           321362.9 
 77.76         985           321362.9 
 78.77         985           321362.9 
 79.78         985           321362.9 
 80.79         985           321362.9 
 81.8          985           321362.9 
 82.81         984           320679.6 
 83.82         984           320679.6 
 84.829        984           320679.6 
 85.838        984           320679.6 
 86.848        984           320679.6 
 87.857        984           320679.6 
 88.867        984           320679.6 
 89.877        984           320679.6 
 90.887        984           320679.6 
 91.897        984           320679.6 
 92.907        983           319997.1 
 93.918        983           319997.1 
 94.929        983           319997.1 
 95.938        983           319997.1 
 96.948        983           319997.1 
 97.957        983           319997.1 
 98.967        983           319997.1 
 99.977        982           319315.2 
 100.988       982           319315.2 
 101.999       982           319315.2 
 103.01        982           319315.2 
 104.019       982           319315.2 
 105.029       982           319315.2 
 106.04        982           319315.2 
 107.05        981           318634.1 
 108.061       981           318634.1 
 109.07        981           318634.1 
 110.08        980           317953.8 
 111.09        980           317953.8 
 112.1         979           317274.1 
 113.11        977           315917 
 114.119       973           313211.5 
 115.129       968           309846.1 
 116.139       962           305831.5 
 117.149       955           301180.8 
 118.158       948           296565.9 
 119.169       942           292638.5 
 120.179       936           288737.3 
 121.188       932           286151.1 
 122.197       931           285506.4 
 123.208       930           284862.3 
 124.217       930           284862.3 
 125.228       932           286151.1 
 126.238       934           287442.8 
 127.247       937           289385.7 
 128.257       939           290684.7 
 129.267       942           292638.5 
 130.277       945           294598.9 
 131.286       947           295909.5 
 132.296       949           297223 
 133.306       951           298539.3 
 134.316       953           299858.7 
 135.325       954           300519.4 
 136.335       955           301180.8 
 137.345       956           301843 
 138.355       957           302506 
 139.364       957           302506 
 140.375       958           303169.6 
 141.385       958           303169.6 
 142.395       958           303169.6 
 143.405       958           303169.6 
 144.414       957           302506 
 145.424       957           302506 
 146.434       957           302506 
 147.443       956           301843 
 148.454       956           301843 
 149.463       955           301180.8 
 150.473       955           301180.8 
 151.482       954           300519.4 
 152.492       953           299858.7 
 153.501       952           299198.6 
 154.511       951           298539.3 
 155.521       949           297223 
 156.53        947           295909.5 
 157.54        945           294598.9 
 158.55        944           293944.7 
 159.56        942           292638.5 
 160.57        941           291986.5 
 161.58        939           290684.7 
 162.589       939           290684.7 
 163.598       937           289385.7 
 164.609       937           289385.7 
 165.619       937           289385.7 
 166.629       937           289385.7 
 167.639       937           289385.7 
 168.648       938           290034.8 
 169.658       940           291335.2 
 170.668       942           292638.5 
 171.678       942           292638.5 
 172.688       944           293944.7 
 173.698       945           294598.9 
 174.707       946           295253.8 
 175.716       947           295909.5 
 176.726       949           297223 
 177.736       950           297880.8 
 178.745       951           298539.3 
 179.755       952           299198.6 
 180.765       953           299858.7 
 181.774       954           300519.4 
 182.784       955           301180.8 
 183.794       956           301843 
 184.804       957           302506 
 185.813       958           303169.6 
 186.824       959           303834 
 187.833       959           303834 
 188.842       960           304499.1 
 189.852       961           305164.9 
 190.861       961           305164.9 
 191.871       962           305831.5 
 192.881       963           306498.8 
 193.891       964           307166.8 
 194.901       964           307166.8 
 195.91        964           307166.8 
 196.92        965           307835.5 
 197.93        966           308504.9 
 198.94        966           308504.9 
 199.95        966           308504.9 
 200.959       966           308504.9 
 201.969       966           308504.9 
 202.979       966           308504.9 
 203.989       967           309175.1 
 204.999       967           309175.1 
 206.008       967           309175.1 
 207.018       967           309175.1 
 208.028       968           309846.1 
 209.037       968           309846.1 
 210.047       968           309846.1 
 211.056       968           309846.1 
 212.065       968           309846.1 
 213.076       969           310517.7 
 214.086       968           309846.1 
 215.096       969           310517.7 
 216.106       969           310517.7 
 217.115       969           310517.7 
 218.125       969           310517.7 
 219.135       969           310517.7 
 220.144       969           310517.7 
 221.154       969           310517.7 
 222.164       969           310517.7 
 223.173       969           310517.7 
 224.183       970           311190.1 
 225.193       969           310517.7 
 226.203       969           310517.7 
 227.213       970           311190.1 
 228.222       970           311190.1 
 229.232       970           311190.1 
 230.242       970           311190.1 
 231.252       970           311190.1 
 232.262       970           311190.1 
 233.271       970           311190.1 
 234.281       970           311190.1 
 235.29        970           311190.1 
 236.301       970           311190.1 
 237.31        970           311190.1 
 238.319       970           311190.1 
 239.329       971           311863.2 
 240.339       971           311863.2 
 241.349       970           311190.1 
 242.359       971           311863.2 
 243.369       971           311863.2 
 244.379       971           311863.2 
 245.389       971           311863.2 
 246.399       971           311863.2 
 247.408       971           311863.2 
 248.418       971           311863.2 
 249.428       971           311863.2 
 250.437       971           311863.2 
 251.447       971           311863.2 
 252.457       971           311863.2 
 253.466       971           311863.2 
 254.476       971           311863.2 
 255.486       971           311863.2 
 256.495       971           311863.2 
 257.505       971           311863.2 
 258.515       971           311863.2 
 259.525       972           312537 
 260.535       971           311863.2 
 261.544       971           311863.2 
 262.554       972           312537 
 263.564       971           311863.2 
 264.573       971           311863.2 
 265.583       971           311863.2 
 266.593       972           312537 
 267.603       971           311863.2 
 268.612       971           311863.2 
 269.623       971           311863.2 
 270.632       972           312537 
 271.642       972           312537 
 272.652       972           312537 
 273.662       972           312537 
 274.672       972           312537 
 275.681       972           312537 
 276.69        972           312537 
 277.7         973           313211.5 
 278.709       973           313211.5 
 279.719       973           313211.5 
 280.729       974           313886.8 
 281.738       974           313886.8 
 282.747       975           314562.8 
 283.758       975           314562.8 
 284.768       976           315239.6 
 285.778       978           316595.2 
 286.788       979           317274.1 
 287.797       980           317953.8 
 288.807       982           319315.2 
 289.817       984           320679.6 
 290.827       986           322046.9 
 291.836       988           323417.1 
 292.845       991           325477.8 
 293.855       995           328235.7 
 294.867       998           330311.7 
 295.878       1002          333089.8 
 296.888       1008          337278.9 
 297.898       1014          341494.2 
 298.909       1020          345735.7 
 299.92        1026          350003.3 
 300.93        1035          356453.8 
 301.941       1044          362963.2 
 302.951       1053          369531.5 
 303.961       1063          376898.7 
 304.971       1075          385835.2 
 305.982       1088          395634.7 
 306.992       1100          404789.4 
 308.003       1114          415602.2 
 309.013       1130          428134.2 
 310.023       1145          440052 
 311.033       1158          450513.1 
 312.043       1174          463557 
 313.053       1190          476787 
 314.063       1204          488516 
 315.073       1216          498682.8 
 316.084       1229          509815 
 317.094       1242          521070 
 318.104       1250          528057.3 
 319.115       1257          534209.3 
 320.125       1264          540397 
 321.135       1269          544838.6 
 322.146       1270          545729.1 
 323.156       1270          545729.1 
 324.167       1269          544838.6 
 325.177       1266          542171.4 
 326.187       1260          536856.8 
 327.197       1254          531568.4 
 328.208       1246          524557.8 
 329.218       1237          516726.6 
 330.228       1227          508094.3 
 331.239       1217          499534.7 
 332.249       1206          490203.2 
 333.26        1194          480123.6 
 334.269       1183          470976 
 335.279       1172          461916.3 
 336.288       1161          452944.7 
 337.298       1150          444061 
 338.308       1140          436061.3 
 339.318       1130          428134.2 
 340.328       1121          421062.1 
 341.338       1112          414048.8 
 342.349       1104          407864.2 
 343.359       1096          401726.2 
 344.369       1089          396393.6 
 345.38        1082          391096.6 
 346.39        1076          386584.7 
 347.4         1071          382844.7 
 348.41        1066          379123 
 349.421       1061          375419.4 
 350.431       1057          372469.6 
 351.441       1053          369531.5 
 352.452       1049          366605 
 353.463       1046          364417.7 
 354.473       1043          362237 
 355.484       1041          360786.8 
 356.494       1038          358617 
 357.504       1035          356453.8 
 358.515       1033          355015.3 
 359.526       1031          353579.6 
 360.536       1029          352146.9 
 361.546       1027          350717.1 
 362.556       1026          350003.3 
 363.567       1024          348577.8 
 364.578       1022          347155.3 
 365.588       1021          346445.1 
 366.599       1020          345735.7 
 367.609       1018          344318.9 
 368.62        1017          343611.7 
 369.63        1016          342905.1 
 370.64        1015          342199.3 
 371.651       1014          341494.2 
 372.661       1013          340789.8 
 373.672       1012          340086.2 
 374.682       1011          339383.3 
 375.693       1010          338681.1 
 376.703       1009          337979.7 
 377.713       1008          337278.9 
 378.724       1007          336578.9 
 379.735       1006          335879.7 
 380.746       1005          335181.1 
 381.756       1005          335181.1 
 382.766       1004          334483.3 
 383.777       1003          333786.2 
 384.787       1002          333089.8 
 385.798       1002          333089.8 
 386.808       1001          332394.2 
 387.819       1000          331699.3 
 388.83        1000          331699.3 
 389.84        1000          331699.3 
 390.851       999           331005.1 
 391.861       998           330311.7 
 392.872       997           329618.9 
 393.882       997           329618.9 
 394.892       997           329618.9 
 395.902       996           328926.9 
 396.912       996           328926.9 
 397.924       995           328235.7 
 398.934       995           328235.7 
 399.944       994           327545.1 
 400.954       994           327545.1 
 401.964       994           327545.1 
 402.974       993           326855.3 
 403.984       993           326855.3 
 404.993       992           326166.2 
 406.003       992           326166.2 
 407.013       991           325477.8 
 408.023       991           325477.8 
 409.033       991           325477.8 
 410.044       991           325477.8 
 411.054       990           324790.2 
 412.064       990           324790.2 
 413.073       990           324790.2 
 414.084       990           324790.2 
 415.094       989           324103.3 
 416.105       989           324103.3 
 417.115       989           324103.3 
 418.126       989           324103.3 
 419.137       989           324103.3 
 420.147       988           323417.1 
 421.157       989           324103.3 
 422.166       988           323417.1 
 423.176       988           323417.1 
 424.186       988           323417.1 
 425.196       988           323417.1 
 426.205       988           323417.1 
 427.215       988           323417.1 
 428.225       988           323417.1 
 429.235       988           323417.1 
 430.246       988           323417.1 
 431.255       987           322731.6 
 432.265       987           322731.6 
 433.277       987           322731.6 
 434.287       987           322731.6 
 435.297       987           322731.6 
 436.308       987           322731.6 
 437.318       987           322731.6 
 438.328       987           322731.6 
 439.338       986           322046.9 
 440.349       987           322731.6 
 441.358       986           322046.9 
 442.368       986           322046.9 
 443.378       986           322046.9 
 444.388       986           322046.9 
 445.398       985           321362.9 
 446.408       985           321362.9 
 447.418       985           321362.9 
 448.427       985           321362.9 
 449.437       985           321362.9 
 450.447       984           320679.6 
 451.457       984           320679.6 
 452.467       984           320679.6 
 453.477       984           320679.6 
 454.486       984           320679.6 
 455.496       984           320679.6 
 456.506       984           320679.6 
 457.515       984           320679.6 
 458.526       984           320679.6 
 459.535       984           320679.6 
 460.545       984           320679.6 
 461.555       984           320679.6 
 462.565       984           320679.6 
 463.575       984           320679.6 
 464.585       984           320679.6 
 465.595       983           319997.1 
 466.605       983           319997.1 
 467.615       984           320679.6 
 468.625       983           319997.1 
 469.635       983           319997.1 
 470.645       984           320679.6 
 471.655       984           320679.6 
 472.665       984           320679.6 
 473.675       983           319997.1 
 474.685       984           320679.6 
 475.695       984           320679.6 
 476.704       984           320679.6 
 477.714       984           320679.6 
 478.725       984           320679.6 
 479.734       984           320679.6 
 480.744       984           320679.6 
 481.753       984           320679.6 
 482.762       984           320679.6 
 483.771       984           320679.6 
 484.781       984           320679.6 
 485.791       985           321362.9 
 486.8         985           321362.9 
 487.81        985           321362.9 
 488.82        985           321362.9 
 489.829       985           321362.9 
 490.839       986           322046.9 
 491.849       986           322046.9 
